# Hyperparameter grid (one combination per line)
# Format: batch_size hidden_size emb_dim lr n_samples
256 64 16 1e-3 1
256 64 16 1e-3 3
256 64 16 1e-3 5
256 64 16 5e-4 1
256 64 16 5e-4 3
256 64 16 5e-4 5
256 64 16 1e-4 1
256 64 16 1e-4 3
256 64 16 1e-4 5
256 64 32 1e-3 1
256 64 32 1e-3 3
256 64 32 1e-3 5
256 64 32 5e-4 1
256 64 32 5e-4 3
256 64 32 5e-4 5
256 64 32 1e-4 1
256 64 32 1e-4 3
256 64 32 1e-4 5
256 64 64 1e-3 1
256 64 64 1e-3 3
256 64 64 1e-3 5
256 64 64 5e-4 1
256 64 64 5e-4 3
256 64 64 5e-4 5
256 64 64 1e-4 1
256 64 64 1e-4 3
256 64 64 1e-4 5
256 128 16 1e-3 1
256 128 16 1e-3 3
256 128 16 1e-3 5
256 128 16 5e-4 1
256 128 16 5e-4 3
256 128 16 5e-4 5
256 128 16 1e-4 1
256 128 16 1e-4 3
256 128 16 1e-4 5
256 128 32 1e-3 1
256 128 32 1e-3 3
256 128 32 1e-3 5
256 128 32 5e-4 1
256 128 32 5e-4 3
256 128 32 5e-4 5
256 128 32 1e-4 1
256 128 32 1e-4 3
256 128 32 1e-4 5
256 128 64 1e-3 1
256 128 64 1e-3 3
256 128 64 1e-3 5
256 128 64 5e-4 1
256 128 64 5e-4 3
256 128 64 5e-4 5
256 128 64 1e-4 1
256 128 64 1e-4 3
256 128 64 1e-4 5
256 256 16 1e-3 1
256 256 16 1e-3 3
256 256 16 1e-3 5
256 256 16 5e-4 1
256 256 16 5e-4 3
256 256 16 5e-4 5
256 256 16 1e-4 1
256 256 16 1e-4 3
256 256 16 1e-4 5
256 256 32 1e-3 1
256 256 32 1e-3 3
256 256 32 1e-3 5
256 256 32 5e-4 1
256 256 32 5e-4 3
256 256 32 5e-4 5
256 256 32 1e-4 1
256 256 32 1e-4 3
256 256 32 1e-4 5
256 256 64 1e-3 1
256 256 64 1e-3 3
256 256 64 1e-3 5
256 256 64 5e-4 1
256 256 64 5e-4 3
256 256 64 5e-4 5
256 256 64 1e-4 1
256 256 64 1e-4 3
256 256 64 1e-4 5
512 64 16 1e-3 1
512 64 16 1e-3 3
512 64 16 1e-3 5
512 64 16 5e-4 1
512 64 16 5e-4 3
512 64 16 5e-4 5
512 64 16 1e-4 1
512 64 16 1e-4 3
512 64 16 1e-4 5
512 64 32 1e-3 1
512 64 32 1e-3 3
512 64 32 1e-3 5
512 64 32 5e-4 1
512 64 32 5e-4 3
512 64 32 5e-4 5
512 64 32 1e-4 1
512 64 32 1e-4 3
512 64 32 1e-4 5
512 64 64 1e-3 1
512 64 64 1e-3 3
512 64 64 1e-3 5
512 64 64 5e-4 1
512 64 64 5e-4 3
512 64 64 5e-4 5
512 64 64 1e-4 1
512 64 64 1e-4 3
512 64 64 1e-4 5
512 128 16 1e-3 1
512 128 16 1e-3 3
512 128 16 1e-3 5
512 128 16 5e-4 1
512 128 16 5e-4 3
512 128 16 5e-4 5
512 128 16 1e-4 1
512 128 16 1e-4 3
512 128 16 1e-4 5
512 128 32 1e-3 1
512 128 32 1e-3 3
512 128 32 1e-3 5
512 128 32 5e-4 1
512 128 32 5e-4 3
512 128 32 5e-4 5
512 128 32 1e-4 1
512 128 32 1e-4 3
512 128 32 1e-4 5
512 128 64 1e-3 1
512 128 64 1e-3 3
512 128 64 1e-3 5
512 128 64 5e-4 1
512 128 64 5e-4 3
512 128 64 5e-4 5
512 128 64 1e-4 1
512 128 64 1e-4 3
512 128 64 1e-4 5
512 256 16 1e-3 1
512 256 16 1e-3 3
512 256 16 1e-3 5
512 256 16 5e-4 1
512 256 16 5e-4 3
512 256 16 5e-4 5
512 256 16 1e-4 1
512 256 16 1e-4 3
512 256 16 1e-4 5
512 256 32 1e-3 1
512 256 32 1e-3 3
512 256 32 1e-3 5
512 256 32 5e-4 1
512 256 32 5e-4 3
512 256 32 5e-4 5
512 256 32 1e-4 1
512 256 32 1e-4 3
512 256 32 1e-4 5
512 256 64 1e-3 1
512 256 64 1e-3 3
512 256 64 1e-3 5
512 256 64 5e-4 1
512 256 64 5e-4 3
512 256 64 5e-4 5
512 256 64 1e-4 1
512 256 64 1e-4 3
512 256 64 1e-4 5
1024 64 16 1e-3 1
1024 64 16 1e-3 3
1024 64 16 1e-3 5
1024 64 16 5e-4 1
1024 64 16 5e-4 3
1024 64 16 5e-4 5
1024 64 16 1e-4 1
1024 64 16 1e-4 3
1024 64 16 1e-4 5
1024 64 32 1e-3 1
1024 64 32 1e-3 3
1024 64 32 1e-3 5
1024 64 32 5e-4 1
1024 64 32 5e-4 3
1024 64 32 5e-4 5
1024 64 32 1e-4 1
1024 64 32 1e-4 3
1024 64 32 1e-4 5
1024 64 64 1e-3 1
1024 64 64 1e-3 3
1024 64 64 1e-3 5
1024 64 64 5e-4 1
1024 64 64 5e-4 3
1024 64 64 5e-4 5
1024 64 64 1e-4 1
1024 64 64 1e-4 3
1024 64 64 1e-4 5
1024 128 16 1e-3 1
1024 128 16 1e-3 3
1024 128 16 1e-3 5
1024 128 16 5e-4 1
1024 128 16 5e-4 3
1024 128 16 5e-4 5
1024 128 16 1e-4 1
1024 128 16 1e-4 3
1024 128 16 1e-4 5
1024 128 32 1e-3 1
1024 128 32 1e-3 3
1024 128 32 1e-3 5
1024 128 32 5e-4 1
1024 128 32 5e-4 3
1024 128 32 5e-4 5
1024 128 32 1e-4 1
1024 128 32 1e-4 3
1024 128 32 1e-4 5
1024 128 64 1e-3 1
1024 128 64 1e-3 3
1024 128 64 1e-3 5
1024 128 64 5e-4 1
1024 128 64 5e-4 3
1024 128 64 5e-4 5
1024 128 64 1e-4 1
1024 128 64 1e-4 3
1024 128 64 1e-4 5
1024 256 16 1e-3 1
1024 256 16 1e-3 3
1024 256 16 1e-3 5
1024 256 16 5e-4 1
1024 256 16 5e-4 3
1024 256 16 5e-4 5
1024 256 16 1e-4 1
1024 256 16 1e-4 3
1024 256 16 1e-4 5
1024 256 32 1e-3 1
1024 256 32 1e-3 3
1024 256 32 1e-3 5
1024 256 32 5e-4 1
1024 256 32 5e-4 3
1024 256 32 5e-4 5
1024 256 32 1e-4 1
1024 256 32 1e-4 3
1024 256 32 1e-4 5
1024 256 64 1e-3 1
1024 256 64 1e-3 3
1024 256 64 1e-3 5
1024 256 64 5e-4 1
1024 256 64 5e-4 3
1024 256 64 5e-4 5
1024 256 64 1e-4 1
1024 256 64 1e-4 3
1024 256 64 1e-4 5
